235.64,107.64,186.58000000000004,373.05
235.92,107.64,186.30000000000004,372.71000000000004
236.2,107.64,186.02000000000004,372.36
236.48,107.5,185.74000000000004,372.5
236.75,107.37,185.47000000000003,372.63
237.03,107.23,185.19000000000003,372.77
237.3,107.1,184.92000000000002,372.9
237.3,107.1,184.18,372.9
237.3,107.1,183.44,372.9
237.3,107.1,182.7,372.9
237.3,107.7,181.0,372.3
237.3,108.3,179.89999999999998,371.7
237.3,108.3,178.2,371.7
237.3,108.3,176.5,371.7
235.6,108.3,176.00000000000003,371.7
232.8,108.3,177.7,371.7
231.1,108.3,172.70000000000002,371.7
229.4,109.4,172.20000000000002,370.6
227.7,109.4,169.40000000000003,370.6
225.5,109.4,166.0,370.6
223.8,109.4,164.89999999999998,370.6
221.6,109.4,162.6,370.6
221.6,109.4,157.00000000000003,370.6
220.5,109.4,152.5,370.6
216.6,109.4,150.29999999999998,370.6
214.9,109.4,152.6,370.6
214.9,109.4,155.4,370.6
216.6,109.4,153.70000000000002,370.6
218.8,109.4,151.5,370.6
221.6,110.0,147.00000000000003,370.0
221.6,111.7,147.00000000000003,368.3
221.6,112.55,147.00000000000003,367.45
221.6,113.4,151.50000000000003,366.6
221.6,115.6,154.9,364.4
219.4,116.2,159.9,363.8
217.7,116.8,163.3,363.2
217.7,117.9,166.60000000000002,362.1
215.5,118.5,171.10000000000002,361.5
215.5,119.1,173.89999999999998,360.9
214.3,120.4,176.8,359.6
213.6,121.0,178.79999999999998,359.0
211.3,121.6,181.7,358.4
211.1,123.5,183.00000000000003,356.5
211.1,124.1,182.50000000000003,355.9
209.9,125.4,183.1,354.6
208.1,126.7,184.9,353.3
206.6,128.0,185.1,352.0
206.6,129.3,185.1,350.7
208.5,131.0,181.89999999999998,349.0
213.0,131.1,177.39999999999998,348.9
215.6,133.0,176.1,347.0
217.5,134.9,176.8,345.1
220.1,136.1,176.79999999999998,343.9
223.3,137.4,174.89999999999998,342.6
224.6,139.3,173.6,340.7
227.8,139.9,169.8,340.1
231.6,141.1,166.6,338.9
234.2,141.7,164.0,338.3
236.8,141.7,160.09999999999997,338.3
239.2,142.3,157.7,337.7
241.9,143.0,155.6,337.0
244.4,144.3,153.79999999999998,335.7
245.7,145.4,154.40000000000003,334.6
248.3,146.2,153.09999999999997,333.8
249.6,146.8,152.4,333.2
250.9,148.1,152.99999999999997,331.9
252.2,148.7,151.7,331.3
252.2,150.0,151.7,330.0
252.2,151.1,151.7,328.9
253.3,152.8,148.39999999999998,327.2
253.9,154.5,147.20000000000002,325.5
254.5,155.6,144.89999999999998,324.4
254.5,157.3,144.89999999999998,322.7
255.6,159.0,142.1,321.0
255.6,161.2,142.1,318.8
255.6,162.3,141.00000000000003,317.7
256.2,162.9,138.2,317.1
256.2,164.0,137.10000000000002,316.0
256.2,164.0,136.0,316.0
255.6,164.0,136.6,316.0
255.0,165.1,136.60000000000002,314.9
254.4,165.6,137.20000000000002,314.4
254.4,166.7,136.6,313.3
254.4,167.8,136.6,312.2
254.4,168.4,134.9,311.6
256.1,169.0,132.09999999999997,311.0
256.7,170.1,130.40000000000003,309.9
257.8,171.2,129.3,308.8
258.9,172.3,125.40000000000003,307.7
260.0,174.0,118.69999999999999,306.0
261.7,175.7,117.0,304.3
263.4,176.8,114.20000000000005,303.2
264.5,177.9,112.5,302.1
265.6,179.0,109.19999999999999,301.0
267.8,180.1,106.39999999999998,299.9
270.0,180.1,104.19999999999999,299.9
271.7,180.1,102.5,299.9
273.4,180.1,100.80000000000001,299.9
274.5,181.2,99.69999999999999,298.8
276.2,181.2,98.0,298.8
276.8,181.8,97.39999999999998,298.2
277.9,182.4,96.30000000000001,297.6
279.0,183.0,95.19999999999999,295.3
279.6,184.7,94.59999999999997,293.6
280.2,185.3,94.0,293.0
281.3,186.4,92.89999999999998,291.9
282.4,188.1,90.70000000000005,288.5
282.4,189.8,89.60000000000002,286.8
283.0,190.9,89.0,284.6
283.6,191.5,87.29999999999995,282.3
284.2,192.6,86.10000000000002,277.29999999999995
284.2,192.6,85.5,277.29999999999995
284.2,192.6,85.5,273.9
284.8,193.2,84.30000000000001,273.3
285.4,193.2,84.30000000000001,262.1
286.0,193.2,83.10000000000002,257.6
286.0,194.3,83.10000000000002,259.9
286.0,194.3,82.5,259.9
287.7,194.3,80.80000000000001,252.59999999999997
288.3,194.8,80.19999999999999,252.09999999999997
288.9,195.4,79.60000000000002,251.49999999999997
289.5,196.5,79.0,249.8
290.1,198.2,77.29999999999995,248.10000000000002
290.7,198.2,76.10000000000002,247.0
291.8,199.8,74.39999999999998,245.39999999999998
292.4,200.4,73.20000000000005,241.99999999999997
293.0,202.1,72.60000000000002,238.6
293.6,202.1,72.0,238.6
294.7,202.1,72.60000000000002,237.50000000000003
295.8,202.1,71.5,235.29999999999998
295.8,202.1,71.5,233.6
296.4,202.1,70.90000000000003,230.79999999999998
296.4,202.7,70.90000000000003,226.3
297.0,202.7,70.30000000000001,224.10000000000002
297.0,202.7,70.30000000000001,220.7
297.6,202.7,69.69999999999999,220.7
297.6,202.8,69.69999999999999,220.59999999999997
297.6,203.35,69.69999999999999,220.04999999999998
297.6,203.9,69.69999999999999,219.49999999999997
297.6,205.1,69.69999999999999,218.29999999999998
297.6,205.1,68.0,218.29999999999998
297.6,206.8,68.0,216.59999999999997
296.5,207.4,69.10000000000002,215.4
296.5,208.5,69.10000000000002,214.3
296.5,208.5,69.10000000000002,212.60000000000002
296.5,208.5,66.89999999999998,210.39999999999998
295.9,208.5,67.5,210.39999999999998
295.9,208.5,66.40000000000003,208.7
295.3,208.5,67.0,208.7
295.3,208.5,67.0,207.60000000000002
294.2,209.6,68.10000000000002,198.1
294.2,209.6,67.0,198.1
294.2,209.6,67.0,198.1
294.2,209.6,67.0,198.1
294.2,210.2,67.0,197.5
294.2,210.8,66.40000000000003,196.89999999999998
293.6,211.4,66.39999999999998,196.29999999999998
293.6,212.0,66.39999999999998,195.10000000000002
293.6,212.6,65.79999999999995,193.4
293.6,213.2,65.79999999999995,192.8
293.6,213.8,65.79999999999995,192.2
293.6,214.9,64.69999999999999,191.1
294.2,215.5,64.10000000000002,188.8
294.5,215.8,63.25,187.64999999999998
294.8,216.1,62.39999999999998,186.50000000000003
295.4,216.1,61.80000000000001,186.50000000000003
295.4,216.1,61.80000000000001,184.29999999999998
295.4,216.1,61.80000000000001,183.20000000000002
295.9,216.1,61.30000000000001,180.4
296.0,216.1,61.80000000000001,180.4
296.0,216.1,61.80000000000001,178.70000000000002
296.0,216.1,62.89999999999998,176.50000000000003
296.0,216.1,64.60000000000002,175.9
296.0,216.1,63.19999999999999,175.9
296.0,216.1,61.80000000000001,175.9
296.0,217.8,59.60000000000002,174.2
296.6,218.9,57.89999999999998,173.1
296.6,220.0,57.89999999999998,172.0
296.6,220.3,57.89999999999998,170.84999999999997
296.6,220.6,57.89999999999998,169.70000000000002
296.3,220.6,58.19999999999999,169.15
296.0,220.6,58.5,168.6
294.9,220.6,59.60000000000002,168.6
295.5,221.2,57.89999999999998,166.90000000000003
295.5,221.2,57.89999999999998,166.3
295.5,221.2,57.30000000000001,164.0
295.5,221.2,57.30000000000001,162.90000000000003
295.5,221.2,57.30000000000001,161.2
295.5,221.2,57.30000000000001,160.10000000000002
295.5,221.5,57.30000000000001,159.5
295.5,221.8,57.30000000000001,158.89999999999998
295.5,222.0,57.30000000000001,158.7
295.5,222.2,57.30000000000001,158.5
295.5,222.4,57.30000000000001,158.29999999999998
295.5,223.0,57.30000000000001,157.7
